8871431381906110167
13682805053736486650
14716905103499218730
9714266867524992626
2057001729211844052
8931208805151372621
16716241284073510732
12823152251013455786
10183998279271408650
7243875382924468003
1195365176556995037
1813568405006383147
16151536275425700156
15324865902586543669
476878862921100725
12460173650162388325
1295030881312392010
14577260905041202222
13382826674855633141
7350225275701102436
5788265621509914921
3523833790659983039
13128498051011903721
2387003090480273055
12579544277415890644
13141796788280270005
1469243297720651659
1
2
3
4
5
6
7
8
4792385706171117026
13575390233617022339
17882319714473266441
13727945022202648082
84880427980444840
7256214417063110854
4461543273193711446
15478821117064992786
481197246899518075
172545971243343837
9163243189565276102
1436844077657708918
9465442759867493779
1788632588823328382
15221004233917202032
4337006074741580011
10078164480601121601
2239838595959578123
7706753510936632412
17529033567244109388
8952621841592693015
14260842332397493299
9078943161100799858
15302719844086423956
18342476433658730278
10490089711768395104
18241534810366300350
6142851873519093929
4832096968856643336
11551619685567127936
1184223184583685143
9609549206988302073
2844056104375017097
9021619979625099548
18168829698511129764
6858763865232994759
2482138363072423251
1235882070461867154
12687203720038366210
6393536380058477492
16709360055651458573
8146229216944615929
2806498162509947895
11006483849878567138
15801022243845248482
7811096038518597028
1631474157880235877
12752799246298342631
552732917697790688
12708615874805230486
227708399359152653
10379427116045679984
11847474029752297649
11261598987707691928
12337494782213340521
10606997286111828376
253313066195794826
3869280195458255574
17332333288676481291
14211723222980319007
11332444637392293515
6912819938367310798
5519968691525159020
4813271086062135684
6792144267984539128
6099998110812599814
7755286872539552776
1509713735462356662
2283201038776169126
13275567055673838601
5148523167825041840
17510947658729890344
3118556545345540238
3305124672150875290
64202071545797642
3852302800325141138
1971849787716306558
9750985057664676237
4823920266519454024
8496958016172019084
16294396186334536774
2614223860059747231
10923235424986916109
12050516969558711601
16247115238491619128
1858360500390584553
9315184592234427148
9632059446449323106
14906436161564481359
389185255256916047
9106415417262873335
2540960026734918612
637926253166385734
9597334676187065933
9148862299321812053
1488848950514840338
6243869734005314192
738946617771737217
13352259974678901799
13593541461077687872
210541401932632353
15044352535318240817
10099345151288010533
4028788028004644659
739369642773096129
458935400893806632
12664121016048907690
3556516214883444502
3789656327064419598
8969011709929373088
13443528048699488848
1552060361519422438
8377443133276807199
3429204790530412071